			250		500		750		1000		2500		5000		7500		10000
coupled-implicit:	2.411397e+01	4.188057e+01	5.613189e+01	6.599975e+01	1.492000e+02	2.990454e+02	4.458863e+02	5.585309e+02	
decoupled-explicit:	1.780727e+01	3.127976e+01	4.204546e+01	5.199977e+01	1.152220e+02	2.337731e+02	3.290596e+02	3.972294e+02	
decoupled-implicit:	3.004324e+01	5.496450e+01	7.679195e+01	9.747651e+01	2.328031e+02	3.788184e+02	5.072689e+02	6.318638e+02	
